0.9457841
0.96744317
0.9310011
0.9261848
0.9669741
0.85858303
0.9219491
0.88281226
0.87850046
0.9669741
0.88977265
0.88343227
0.8870477
0.90386015
0.8530003
0.48341483
0.54423964
0.501433
0.40872937
0.51874346
0.23699266
0.209385
0.2579565
0.37311876
0.30698717
0.7299198
0.6780306
0.6918957
0.6870017
0.636858
0.6543964
0.527195
0.6543964
0.6217772
0.6978918
0.28816885
0.3284288
0.4039099
0.64697933
0.52945167
0.6047859
0.5592367
0.5763123
0.4855434
0.53335917
0.51179016
0.56696826
0.6640475
0.5981129
0.59666586
0.40428758
0.50583756
0.5265031
0.58780867
0.7805996
0.9084483
0.9267144
0.8311348
0.88121414
0.8718553
0.90196776
0.98263776
0.89371514
0.93118596
0.8718553
0.86934006
0.93864506
0.93324554
0.94781196
0.83213246
0.57794476
0.65628195
0.5850563
0.44362777
0.5401859
0.24929987
0.2136063
0.28516537
0.4119776
0.32742473
0.75788623
0.7457342
0.7432734
0.7477596
0.71569026
0.68482137
0.560444
0.68482137
0.6982771
0.7540194
0.2322332
0.30822384
0.4322832
0.66958475
0.51045454
0.5467012
0.49244785
0.5049217
0.42789313
0.49290788
0.47462058
0.46836653
0.62588966
0.53577137
0.5320047
0.35789543
0.47188437
0.52063596
0.5753178
0.722981
0.93167067
0.9027473
0.8659105
0.85943854
0.9267588
0.92569566
0.9446712
0.8671194
0.9150257
0.9267588
0.90304387
0.9587158
0.90846443
0.958241
0.89031446
0.5405864
0.6296669
0.5375646
0.44783875
0.53354573
0.24809866
0.20794365
0.2517525
0.40309054
0.30696654
0.7829534
0.75276816
0.7647577
0.77041256
0.72574335
0.6866318
0.55089045
0.6866318
0.6892742
0.7362877
0.36651292
0.39764786
0.51275575
0.67307866
0.5948667
0.6300099
0.5480834
0.5632736
0.4718891
0.5380147
0.57902855
0.5243855
0.6613631
0.58168775
0.58435583
0.46533647
0.5664216
0.6127975
0.6203949
0.78677464
0.553175
0.53682494
0.4922983
0.52930284
0.5235949
0.6881191
0.61868596
0.60716593
0.5974962
0.5235949
0.57021356
0.604094
0.58176976
0.5615511
0.6569537
0.978748
0.95102763
0.97804457
0.8822987
0.89052
0.75159943
0.7121734
0.75433683
0.83545136
0.7929705
0.7861893
0.7906934
0.77243996
0.7608864
0.8346957
0.8133653
0.8234199
0.8133653
0.81862414
0.759544
0.35194433
0.4195398
0.5752946
0.5523079
0.4829284
0.58083713
0.56226295
0.5400655
0.5594765
0.5901995
0.49451208
0.49134725
0.61059725
0.54061353
0.5731302
0.4197826
0.5173469
0.51848364
0.57316935
0.58273876
0.2169417
0.24780825
0.2543843
0.32188052
0.24244702
0.33398953
0.22825937
0.3336714
0.33763522
0.24244702
0.32508194
0.26267496
0.253038
0.19302545
0.44719234
0.7137043
0.5896287
0.7309929
0.745317
0.82556415
0.97604823
0.99678206
0.9486548
0.9319552
0.9592879
0.48804897
0.47741383
0.3967619
0.45243704
0.4731884
0.5399473
0.59205866
0.5399473
0.5327932
0.4390787
0.37164652
0.33533198
0.33199632
0.39353687
0.4214389
0.42537588
0.46885595
0.42328152
0.5061278
0.5471926
0.36763993
0.37613124
0.36994973
0.3823387
0.50066125
0.44791576
0.46542686
0.3200833
0.51757705
0.43340194
0.68410933
0.7149304
0.6467819
0.6737584
0.66547686
0.767217
0.7684192
0.74320936
0.7364978
0.66547686
0.7248635
0.79386467
0.7208041
0.72591966
0.75297475
0.7658323
0.8186117
0.7447698
0.61360216
0.7098768
0.5059576
0.43998775
0.52748054
0.6465945
0.5344944
0.9483459
0.9889382
0.9528072
0.93031514
0.97357166
0.84423655
0.7542685
0.84423655
0.8806232
0.879128
0.32056022
0.40311202
0.5775317
0.61810577
0.57538795
0.5757252
0.52302045
0.52469903
0.44683984
0.48203623
0.50456035
0.45533502
0.629583
0.53423846
0.46330467
0.41805106
0.5295921
0.5789994
0.5510113
0.68755305
0.6480168
0.6362798
0.5826958
0.62115663
0.6416341
0.7031853
0.72885096
0.7196188
0.6600888
0.6416341
0.6608328
0.697474
0.66005254
0.6820504
0.7349145
0.77743745
0.816882
0.7890074
0.6840947
0.7327521
0.54645216
0.4898054
0.5828794
0.6792431
0.59091985
0.82378954
0.87489927
0.8377154
0.8568826
0.89451647
0.9585277
0.92592174
0.9585277
0.94262546
0.9469396
0.30913746
0.39334258
0.58988583
0.67562354
0.5025392
0.5088942
0.45803893
0.45483968
0.40754303
0.43836653
0.4297941
0.44536924
0.5785272
0.48381263
0.49554056
0.32369867
0.45150664
0.482094
0.53005123
0.6204483
0.41647238
0.32602024
0.42516983
0.37868544
0.4457919
0.51625496
0.34254798
0.33867645
0.41232216
0.4457919
0.4330554
0.47065103
0.29844016
0.3348493
0.5695915
0.46462807
0.44599563
0.45031825
0.6280867
0.5445732
0.44399273
0.43305415
0.39197245
0.48878318
0.452519
0.4865468
0.47636634
0.49785247
0.61928487
0.5131245
0.47349632
0.48525378
0.47349632
0.46852562
0.42909175
0.9550901
0.88489336
0.8764862
0.6987116
0.8619947
0.70767784
0.7027488
0.6768899
0.6114555
0.6597818
0.8367199
0.6657545
0.6417484
0.64407367
0.7026237
0.8242959
0.83581114
0.73355174
0.7806902
0.74154043
0.60228884
0.5455224
0.61986256
0.5607163
0.6370108
0.64959216
0.5260308
0.5533099
0.5887891
0.6370108
0.6113094
0.5799484
0.5065923
0.5251713
0.68230784
0.56808555
0.5057785
0.5410252
0.6192867
0.62045807
0.48667037
0.46558523
0.45602435
0.54206735
0.5205181
0.6087336
0.5353925
0.61972797
0.6234707
0.5584035
0.470513
0.4569186
0.470513
0.4710767
0.46978042
0.7365478
0.74161327
0.68149686
0.71475154
0.74252313
0.9332055
0.9675519
0.9582735
0.8555049
0.8984461
0.89441514
0.89553744
0.8655851
0.9070046
0.90326285
0.8626135
0.88852906
0.7832551
0.90759087
0.8198768
0.62691265
0.55454695
0.6117851
0.5624157
0.6497597
0.6375203
0.52936983
0.5622448
0.5642407
0.6497597
0.6158197
0.5574256
0.50067365
0.5393331
0.6416069
0.5324458
0.49434167
0.5109743
0.5439038
0.5463984
0.41966096
0.39250192
0.4106605
0.45335206
0.50011605
0.55484885
0.47439134
0.57717305
0.56154406
0.50317264
0.4544322
0.45223027
0.4544322
0.430193
0.44583535
0.72287154
0.75317466
0.6940248
0.6988328
0.7390624
0.91056037
0.94220537
0.9508251
0.8284012
0.8398504
0.89070016
0.9730569
0.93250763
0.9712893
0.93355274
0.79266727
0.8313989
0.7457902
0.8595145
0.77215564
0.6327719
0.5206129
0.5539244
0.52943027
0.594903
0.7462039
0.5714407
0.5307393
0.60855126
0.594903
0.6341938
0.6664778
0.51154625
0.5817951
0.68937254
0.6011497
0.6424968
0.55357444
0.5768202
0.5408642
0.4413466
0.34969476
0.37292525
0.45622644
0.43996882
0.6974064
0.65905267
0.7497376
0.7494183
0.69431776
0.51784647
0.5005213
0.51784647
0.54156214
0.5565876
0.7594688
0.7886395
0.87351733
0.6720251
0.76946926
0.86380285
0.759833
0.7799021
0.67177486
0.7006802
0.89274836
0.7193545
0.8145026
0.77701896
0.752684
0.8215287
0.8821987
0.9302524
0.8268352
0.8153231
