0.9164977
0.93609136
0.9230978
0.89528465
0.9662721
0.84392756
0.8207269
0.82701993
0.8383943
0.96712816
0.84832466
0.86986506
0.80674785
0.88774276
0.81162304
0.43270904
0.4762124
0.4943118
0.4348259
0.3918054
0.4074331
0.35272753
0.4288118
0.39393777
0.46038085
0.60373247
0.45768926
0.47663784
0.5091777
0.5247805
0.5565326
0.54602975
0.5565326
0.4534173
0.30174083
0.45166987
0.55596906
0.5756639
0.39312974
0.5020285
0.44835135
0.53999573
0.5555462
0.56135744
0.5254376
0.5198992
0.6167387
0.5765545
0.61526525
0.55464256
0.55700326
0.6314602
0.48076242
0.5482291
0.61243457
0.8618885
0.8781734
0.7823275
0.854231
0.8401124
0.85624653
0.9674846
0.878192
0.87587464
0.8429458
0.78513193
0.8841919
0.86952233
0.8769805
0.7143878
0.4602754
0.482689
0.49955302
0.38009426
0.3639937
0.3819717
0.33511046
0.44509876
0.38428828
0.46496984
0.57906526
0.49086505
0.53448784
0.5263071
0.5670788
0.5873088
0.58202195
0.5873088
0.5097957
0.40443376
0.3432001
0.46707058
0.52495134
0.35673237
0.3732158
0.32831958
0.42737484
0.42696851
0.43672997
0.40917116
0.3506156
0.46955836
0.47760823
0.465082
0.43074572
0.37731788
0.48985988
0.35603154
0.41387385
0.45814663
0.8833902
0.85175574
0.8276266
0.8228991
0.93109405
0.8618045
0.85153085
0.8277119
0.8427038
0.9246901
0.8415996
0.9176636
0.83621573
0.95102286
0.82601607
0.39779305
0.4266928
0.45101142
0.39804977
0.3640113
0.35737398
0.30813518
0.38805753
0.37857217
0.42030278
0.59145844
0.47223878
0.4753298
0.5204187
0.5329099
0.6119492
0.578823
0.6119492
0.5044571
0.35575598
0.42093492
0.5124867
0.537403
0.33109966
0.47426742
0.3656701
0.46243253
0.47432166
0.4949077
0.46554193
0.42082924
0.5245746
0.48748374
0.52164316
0.47199717
0.48316404
0.5424634
0.37074274
0.44853592
0.5147371
0.45361742
0.4839356
0.48835772
0.48359585
0.45420662
0.42563814
0.47983086
0.5710305
0.45345026
0.46087077
0.45919913
0.45755976
0.5256984
0.40227085
0.4831912
0.9571215
0.95719826
0.9723344
0.87745327
0.8758
0.68476146
0.686733
0.71380854
0.77692324
0.75874233
0.6759488
0.67824185
0.6583857
0.60399914
0.74523187
0.6351703
0.647879
0.6351703
0.63027906
0.5226724
0.24988823
0.34672117
0.4635889
0.21541692
0.26362434
0.36457694
0.4409419
0.40917552
0.45895082
0.41443
0.28570944
0.40026712
0.4348902
0.40426648
0.36401394
0.40736628
0.52152294
0.43927795
0.49420732
0.49247983
0.45249817
0.43420392
0.43039134
0.47801548
0.39512724
0.39965427
0.3830056
0.4715584
0.4508016
0.4092612
0.5216666
0.34578952
0.49912792
0.3154562
0.5194212
0.70391005
0.72544605
0.7245997
0.75215304
0.76685905
0.9455385
0.9782785
0.9059198
0.9052429
0.95800424
0.5232434
0.5618943
0.4960916
0.51886845
0.5381072
0.48721778
0.5036726
0.48721778
0.4934138
0.2883492
0.47572252
0.46220484
0.49203625
0.31973037
0.4418493
0.5045372
0.5475184
0.5060526
0.54581624
0.5470129
0.41667908
0.4507429
0.43510088
0.44705576
0.46526408
0.5029475
0.54318005
0.46166438
0.5260253
0.49443585
0.46814936
0.5552117
0.5438503
0.5200971
0.4822043
0.512708
0.5739658
0.6457108
0.51599526
0.49086195
0.51319176
0.6120454
0.5404201
0.47668293
0.4776907
0.68922377
0.68909776
0.68365717
0.5753169
0.6500713
0.53932154
0.47933504
0.58223563
0.5898823
0.563125
0.9129653
0.9365423
0.9547055
0.86274767
0.96514267
0.7358651
0.72136647
0.7358651
0.7120679
0.6358641
0.26237437
0.39153302
0.50084996
0.2424863
0.31458735
0.24434614
0.38538516
0.3756112
0.35677737
0.32415184
0.26602286
0.37861842
0.43241066
0.36848372
0.29228106
0.37040472
0.5143103
0.43336904
0.4251173
0.49779272
0.45835316
0.5160512
0.5053896
0.4539836
0.4786278
0.49794564
0.5950999
0.6393491
0.47266954
0.48723352
0.49550986
0.56599087
0.53489673
0.48383123
0.58046615
0.6165581
0.6184256
0.631394
0.5447714
0.61822283
0.45003
0.41583365
0.55133
0.5566226
0.52463114
0.67333615
0.73564804
0.70371616
0.7412505
0.77997863
0.879542
0.884625
0.879542
0.8495852
0.85646725
0.34339285
0.43222135
0.55620635
0.36705083
0.3432226
0.2188617
0.37045377
0.36545148
0.37086928
0.34331137
0.21526623
0.3692707
0.3792993
0.3256019
0.27822635
0.34058863
0.4405134
0.3354338
0.39243406
0.46423832
0.5071995
0.5706296
0.5704504
0.5159558
0.5081332
0.51701814
0.404485
0.4676802
0.47179863
0.5387671
0.64160585
0.459776
0.48964584
0.38326013
0.67873496
0.29516268
0.34645268
0.37012136
0.47429922
0.43878445
0.5205692
0.50626725
0.472577
0.49620616
0.48442677
0.41010433
0.4280761
0.33748996
0.47128466
0.38220736
0.49030727
0.4983134
0.49030727
0.46428794
0.24682844
0.94566095
0.9401394
0.896426
0.7930528
0.9498365
0.6072465
0.7052045
0.72096944
0.67765033
0.70533514
0.6975558
0.7185465
0.6566001
0.68409497
0.6667365
0.7389111
0.74109226
0.57722604
0.692958
0.71047056
0.4760408
0.4701843
0.4669769
0.45058268
0.42265472
0.4753666
0.3183848
0.41003457
0.42022946
0.44990197
0.53724754
0.35340583
0.41447258
0.31837985
0.54989636
0.3272505
0.36496383
0.342605
0.4815154
0.4539475
0.51421195
0.48656955
0.4093663
0.49208274
0.47257033
0.3901605
0.32271457
0.2739703
0.3819895
0.29604155
0.24163124
0.28303733
0.24163124
0.27769783
0.12972566
0.71636766
0.64418435
0.5834762
0.5838922
0.667969
0.9569165
0.9082944
0.9335972
0.87403905
0.9152739
0.9153364
0.84970665
0.8306456
0.878508
0.9130887
0.76898384
0.7415547
0.70856166
0.7436236
0.69564825
0.52643645
0.55298877
0.52858275
0.50533766
0.47896844
0.5356672
0.36605155
0.47157246
0.4610165
0.5063089
0.5731144
0.4253014
0.45459387
0.36812225
0.54420567
0.32440972
0.35378134
0.3382783
0.42808115
0.39129233
0.44911692
0.41398883
0.3839654
0.40965742
0.42044505
0.4022793
0.31034735
0.28945816
0.3600054
0.29635805
0.2415997
0.29376066
0.2415997
0.23266983
0.11603095
0.69292825
0.6834016
0.6415678
0.6009033
0.6666696
0.92918277
0.89678276
0.9147178
0.8329248
0.85926235
0.9435508
0.93746096
0.91071564
0.9517014
0.967198
0.7745881
0.7832129
0.7436147
0.75945723
0.7195463
0.6193825
0.67647856
0.6780527
0.6277254
0.6009121
0.63221514
0.50680596
0.55813175
0.54947305
0.6305846
0.62743783
0.5561206
0.52854985
0.4733013
0.62665266
0.48045862
0.5334139
0.51377237
0.53504074
0.56449825
0.5044013
0.45440042
0.46688932
0.4998575
0.48777825
0.62806535
0.5562639
0.5016238
0.5473863
0.5472843
0.45511156
0.47218373
0.45511156
0.42165968
0.30491102
0.678998
0.6975621
0.72280097
0.597705
0.6884783
0.6860273
0.75303376
0.7644872
0.7270186
0.7132648
0.761019
0.76814777
0.7662004
0.793625
0.7203368
0.89959556
0.95565975
0.8910594
0.9259068
0.91085637
