0.9175625
0.9326862
0.9224507
0.891328
0.9654616
0.8420099
0.8168293
0.82377493
0.8310596
0.9660258
0.8391566
0.8664242
0.80456084
0.88597625
0.80529594
0.4307657
0.4707085
0.49000323
0.43119967
0.37828726
0.3972813
0.34489995
0.42537105
0.37865394
0.45440674
0.5986798
0.45374393
0.46915984
0.50494796
0.5198876
0.5642688
0.5635175
0.5642688
0.45874417
0.30497873
0.43420267
0.5443597
0.5669464
0.3703496
0.49164915
0.44730663
0.5352795
0.5521771
0.55476713
0.5163437
0.51765287
0.6198914
0.5782355
0.6185228
0.5588411
0.55553246
0.6321574
0.48624116
0.5466651
0.60588205
0.8569912
0.87048453
0.7790257
0.84963644
0.83384323
0.8556362
0.96621734
0.8753137
0.8725699
0.8364054
0.7820343
0.8862891
0.87135243
0.8799772
0.70698905
0.46266097
0.48276561
0.5006183
0.37870005
0.352583
0.36897254
0.32414982
0.44215345
0.370229
0.45835143
0.58550835
0.4978783
0.5403225
0.5290985
0.5769526
0.5948242
0.5966619
0.5948242
0.5209634
0.40416843
0.33424193
0.467121
0.5246242
0.34684518
0.37369746
0.3167975
0.42490262
0.42775595
0.4328158
0.40752417
0.3435021
0.47154433
0.4809005
0.46490228
0.42607856
0.3742266
0.48914382
0.36199677
0.41110688
0.4477889
0.8834565
0.84603286
0.8219085
0.8156545
0.92678285
0.8604552
0.84997916
0.8263385
0.8363402
0.9208547
0.83680177
0.9147269
0.83251387
0.950623
0.81912386
0.39966384
0.42512947
0.4512576
0.39431995
0.34857625
0.34041527
0.29575723
0.3798247
0.36252338
0.41060612
0.5917288
0.4706331
0.47263962
0.5180111
0.53347397
0.6099866
0.5837126
0.6099866
0.50580645
0.35078236
0.40224826
0.50121653
0.5280055
0.31376204
0.46607083
0.36210716
0.45489722
0.4706765
0.4879936
0.46022052
0.41926703
0.52758175
0.4922958
0.52498996
0.47657025
0.4827059
0.54162514
0.37543714
0.44720498
0.50691694
0.44827563
0.47889745
0.48129576
0.47894967
0.4499443
0.42345634
0.48524976
0.57820404
0.45364022
0.45656365
0.45294312
0.46074688
0.522746
0.40487164
0.49137914
0.95789933
0.9567745
0.9717014
0.87603736
0.876015
0.68380743
0.6838139
0.71323454
0.77867067
0.75755286
0.6774012
0.6821089
0.65440494
0.6058872
0.7465816
0.64740485
0.65371937
0.64740485
0.6461719
0.52903473
0.25586352
0.35355312
0.471451
0.22777423
0.27253115
0.36897025
0.44754642
0.41837755
0.46232033
0.42420495
0.29111618
0.40703124
0.44171056
0.40870667
0.3710744
0.4078046
0.5228571
0.44539112
0.49479362
0.4890238
0.4395414
0.4304398
0.42664796
0.46878976
0.38337117
0.38948008
0.37403482
0.46585184
0.43458447
0.3966088
0.515228
0.33543026
0.48649234
0.2998856
0.5159343
0.7055384
0.7222141
0.72251034
0.7495934
0.76605856
0.9436246
0.9782772
0.9044565
0.90256274
0.9569911
0.51756287
0.5583825
0.48868975
0.5110495
0.5321715
0.48199975
0.49613625
0.48199975
0.48906177
0.2752381
0.47915047
0.47061926
0.49936688
0.32819527
0.4509038
0.5031396
0.55365926
0.51107013
0.54324603
0.5517835
0.4218886
0.46049467
0.44514334
0.4533466
0.47355348
0.5058402
0.5473241
0.4660001
0.5282305
0.494095
0.47032613
0.55624515
0.5407001
0.52194166
0.48168275
0.51784205
0.5820984
0.65281755
0.5223477
0.4898734
0.5122561
0.61485773
0.5412239
0.4788067
0.47853088
0.6904469
0.6925609
0.68646866
0.57164013
0.64607656
0.5344644
0.47228423
0.58308166
0.5815172
0.5612516
0.9141413
0.9370079
0.95434237
0.8627516
0.9651625
0.7431388
0.7253241
0.7431388
0.718917
0.63700044
0.2641241
0.39837584
0.5076765
0.2472521
0.32167718
0.23887247
0.3849113
0.37506706
0.35523653
0.32551503
0.26589137
0.37936765
0.43453765
0.36742532
0.2920259
0.37333193
0.51217985
0.4325673
0.42195794
0.4893868
0.46277726
0.5287243
0.5242828
0.4603945
0.48746026
0.50407934
0.6120393
0.6521728
0.4807073
0.4968879
0.49240178
0.5732738
0.53959864
0.49091834
0.58368146
0.631669
0.63176525
0.64780045
0.5482855
0.6223928
0.45060897
0.40694243
0.5550992
0.5522661
0.52850944
0.6807771
0.73932415
0.7049056
0.7438433
0.78388387
0.8833821
0.89105576
0.8833821
0.85054374
0.8557173
0.34399232
0.4452244
0.57217073
0.37023437
0.35389775
0.22709796
0.3810283
0.38201335
0.3797888
0.35682622
0.22724482
0.38399142
0.40015417
0.33686638
0.28815874
0.3407855
0.44802022
0.3474859
0.39613068
0.46004918
0.49283537
0.566797
0.56296027
0.50924975
0.49043036
0.51360786
0.40500003
0.46584862
0.47245452
0.521539
0.6403844
0.45198452
0.4819117
0.37626424
0.6678705
0.30628663
0.34932697
0.3727417
0.4795517
0.44062984
0.523499
0.50991327
0.4760853
0.5014124
0.49160802
0.4129414
0.43226287
0.33929676
0.4732905
0.3886382
0.49568456
0.5122838
0.49568456
0.47433713
0.24337116
0.94610465
0.94066817
0.8976912
0.7946382
0.9512715
0.60486877
0.715277
0.7240703
0.67525446
0.7083031
0.7010549
0.72477186
0.6615805
0.6900455
0.6776984
0.7408757
0.7462015
0.58125603
0.6966026
0.70739514
0.47328347
0.46545056
0.46146178
0.4467201
0.42234653
0.47363982
0.3149515
0.4159829
0.41830504
0.4505752
0.5396086
0.35366517
0.40885466
0.32068712
0.55420405
0.3366673
0.37276936
0.35158128
0.49119076
0.46085986
0.5160265
0.4892816
0.41070133
0.49319726
0.47586644
0.38732696
0.3229156
0.27104655
0.37835118
0.2979411
0.25431046
0.31021532
0.25431046
0.29163218
0.13313317
0.71471816
0.64712566
0.5919672
0.5793358
0.67074215
0.95430106
0.90555406
0.93138784
0.8696284
0.9097904
0.91216236
0.8481612
0.8263736
0.877268
0.9155951
0.76681626
0.73991895
0.7080762
0.7398031
0.69078135
0.52657306
0.55491954
0.5309253
0.506665
0.48461884
0.53561383
0.3638437
0.4795714
0.46124104
0.51289487
0.57840586
0.431757
0.45268846
0.37116522
0.55471885
0.32936552
0.359915
0.3464958
0.4361639
0.3979799
0.45471865
0.42045984
0.38834712
0.41353196
0.42702472
0.40264758
0.31533432
0.28942764
0.35835588
0.29809934
0.25828812
0.31827033
0.25828812
0.24774867
0.12139873
0.6970533
0.6882669
0.6481641
0.6020653
0.6732568
0.92671037
0.8971592
0.91309035
0.83253187
0.857415
0.94260037
0.9348465
0.90379626
0.94916844
0.9664689
0.7808188
0.7873736
0.74562323
0.76065814
0.72257537
0.61875886
0.68161166
0.68636125
0.62972987
0.6050384
0.6308084
0.5164192
0.5684935
0.55181694
0.63559574
0.6272043
0.56150156
0.53224146
0.47775248
0.63911164
0.48364314
0.5383079
0.5189975
0.5330939
0.5645171
0.5068907
0.4584532
0.47320294
0.5039334
0.4929608
0.629322
0.5636565
0.5042093
0.55141217
0.5466058
0.47102523
0.48364013
0.47102523
0.43161204
0.31467247
0.68063235
0.6970841
0.7229464
0.6017769
0.69230807
0.68232137
0.75692314
0.768448
0.72816676
0.71517867
0.7605103
0.7726674
0.7670516
0.7986709
0.7249083
0.90039545
0.9554644
0.8905286
0.92585635
0.91116047
